1179
4096
3948
2113
3970
6124
4886
5669
5579
7865
4127
5695
5919
6060
3383
4477
4581
3536
4434
5577
5448
3870
4143
4443
5647
5799
3551
4943
6378
6481
6935
6384
4880
6326
5500
6291
4690
6851
4119
4269
6146
5707
3755
4020
6434
5570
3883
3257
3799
3703
6954
6154
5818
4429
4253
4121
5205
5770
5519
3090
6934
7334
5559
5320
6140
4630
4066
5137
5701
3352
6136
3123
6460
5752
6187
5407
4694
4651
2620
5146
5564
6293
1381
5506
6289
5429
4187
3964
5374
4199
4862
5386
5388
4170
4104
7216
4672
5217
4396
2274
4098
5352
4456
5019
7273
4879
1980
4946
4766
6235
3429
5249
5995
5999
5086
4118
6682
7119
3175
3814
4872
4688
5992
6422
5260
5525
4565
2973
5882
6175
6022
4730
6990
3802
4628
5577
3918
3380
3872
5383
6205
5773
4301
5570
4481
5492
4376
6916
7497
3866
5417
6489
4609
4806
5294
5262
5321
6200
2441
6497
3091
5634
4507
6689
5793
6481
4930
5722
4264
4852
5431
6545
5840
6729
3857
6629
5360
3859
6003
6345
7221
4359
3088
3954
6928
4054
2713
4318
6378
5467
5789
6092
5441
5423
4713
6130
6910
4606
5354
5104
4764
6769
4291
5856
5599
5207
5045
6457
4761
4414
4101
3568
5726
6065
4814
4522
4494
4665
6426
5971
5155
3725
3770
4957
4958
4422
4509
4715
4748
5522
2781
5403
3981
4696
6676
4238
5098
2938
6928
6521
3902
2841
6116
5866
4984
5740
5075
3506
5608
5628
4562
4559
3308
4238
6765
4537
5552
5026
4512
3015
5239
5384
7465
5202
7879
7160
5641
4991
4305
4354
5627
5902
4245
5341
5118
5382
4098
3785
5200
3609
5600
2773
4658
4474
5003
4705
5034
4730
2879
4834
5166
5721
6930
4360
2638
6759
5442
4636
3676
4558
5057
4177
5880
5741
3557
7195
2395
6648
3287
6150
6110
4363
5087
4337
3633
4786
5665
5097
2847
4718
3462
5481
2639
5583
5827
5943
8457
6407
6411
5330
3715
5569
3496
6178
6472
5966
5420
6110
4074
1373
3705
3569
6210
6529
4932
5171
5871
5866
3695
3971
7993
3397
3902
4179
6276
6150
4110
1626
3598
3363
4611
5595
6329
2954
5502
6637
4210
5661
7067
5232
4930
4027
4749
3723
2573
6760
6586
5354
2077
2877
5310
3344
4328
2649
5713
3647
4301
2935
2488
5576
5371
6689
7659
6527
3839
6740
5069
3352
4655
5840
6231
3472
6656
4241
2673
6631
4830
2685
6833
3655
4884
4802
6849
3695
3052
5326
3764
4872
3598
6174
3418
5726
4550
4403
4803
7070
4443
3795
3025
6087
5184
2659
4297
5635
3951
5474
3351
5026
5497
5364
3793
4442
6262
4847
4482
5480
5895
6697
4907
4704
5939
6122
2286
4952
4594
4220
3561
4605
4298
5295
5161
3016
5745
3155
8152
5152
3388
4987
3481
4283
7838
4635
-100
5817
5609
4376
2502
6878
7499
4028
3100
5153
5248
5687
6119
3525
5075
2960
4024
6744
4636
6039
5254
3825
4014
5064
4395
4261
4906
5851
6201
5335
7237
4534
6777
2916
2254
6482
5588
4077
6914
6308
6764
6025
1474
5489
5100
5075
4830
5881
5221
5848
6028
5282
2522
4786
4020
4044
4765
5337
5311
4858
4718
4947
4026
4521
2000
6697
5818
4942
3133
2958
4720
6762
4463
5551
3963
4463
4805
3687
6171
4753
4940
5557
7227
6150
5221
3838
5967
5388
3053
4784
6171
3410
4359
5863
5447
4379
2825
4409
3529
4559
4835
3733
8052
4738
5098
2614
3896
4762
4859
4505
4293
3994
3669
4937
4624
6629
4810
4363
5340
4663
6651
5794
4586
5182
9251
5343
5727
4782
4713
4757
6493
2658
5102
7819
4907
7784
4471
2390
4767
5192
5311
5300
5391
6537
4470
5420
6870
5441
4553
6320
4752
6810
4503
3621
4354
3482
4618
5174
4710
4121
8305
5027
4336
6012
4411
4431
2791
7153
5530
5000
6987
5104
5881
4746
4602
5667
5826
3878
5074
5029
6335
5324
2910
5807
5544
4472
3016
5472
5225
4238
4406
4712
3396
4566
6657
7772
4759
6809
6543
3060
3523
3942
2975
4566
5521
4278
4533
4756
3208
6316
5992
3923
5647
6302
3023
6919
2271
7171
6896
2746
7724
4564
7200
5914
5323
4776
8472
4174
4433
6692
6917
4500
5648
3698
4110
4724
5780
3330
5621
4368
5079
2587
6549
5655
4809
4919
6331
4461
5252
5030
6389
5608
7059
5853
8714
4419
6103
3527
4572
4083
4057
5578
5610
5249
4399
4148
6383
4660
6823
6297
4377
4073
5656
2931
7063
5802
5691
4627
3985
6272
5183
5724
5035
5938
5546
6316
3243
3863
4692
4384
5461
4544
4852
5843
4671
4536
4427
5554
6136
3755
4082
3570
6533
3958
3047
6479
6061
5406
6236
3653
4194
4349
4453
4426
3434
2775
3042
2725
4860
2572
5493
5761
5504
6466
2896
3282
5267
3775
4979
3763
5480
5692
4394
5877
4971
5753
4444
4429
4610
507
4972
4499
6720
5801
4920
5774
3625
5846
2929
3045
4010
3650
3396
3475
6144
4735
5262
8097
5204
5084
4926
6291
3218
4799
5488
3179
3489
2189
4788
6199
6026
4784
4569
5764
3298
4440
4393
4688
4648
5431
5908
3588
4885
4106
4735
3207
3499
5471
5148
7369
6133
4181
4969
5080
5829
5427
4330
5190
4645
5316
5569
3706
3409
4986
6143
4857
5694
3965
4556
4220
3510
4173
2783
4185
6432
6188
5616
5467
5720
3918
2247
6237
4396
4894
6068
5730
5683
3544
5847
6449
5463
3422
3794
4209
5171
5802
4920
5620
3128
5936
5919
4759
4558
8300
6319
4032
5851
4737
3794
4869
4211
5959
5115
7726
3656
5123
3339
8899
4130
6634
3450
6002
5455
5606
4073
5840
2714
6118
3888
6281
4438
6697
6494
6206
3259
5626
5703
4515
5401
3369
4823
5399
6320
4955
4472
3352
5955
5768
2701
6572
5380
4125
4471
5859
5427
6571
6205
4975
1741
5225
5982
3096
7088
4834
5501
3719
5252
6265
4507
5061
2559
4823
6342
6882
4327
7669
3701
4390
7173
3988
4431
5403
3864
3417
5344
4639
6172
5163
